// two colums : pc vs source code line number
 0 	 8 
 1 	 9 
 2 	 10 
 3 	 11 
 4 	 14 
 5 	 16 
 6 	 19 
 7 	 21 
 8 	 22 
 9 	 24 
 10 	 25 
 11 	 27 
 12 	 29 
 13 	 30 
 14 	 32 
 15 	 33 
 16 	 36 
 17 	 38 
 18 	 39 
 19 	 40 
 20 	 42 
 21 	 45 
 22 	 46 
 23 	 47 
 24 	 49 
 25 	 53 
 26 	 54 
 27 	 55 
 28 	 56 
 29 	 58 
 30 	 60 
 31 	 61 
 32 	 63 
 33 	 67 
 34 	 68 
 35 	 69 
 36 	 70 
 37 	 71 
 38 	 72 
 39 	 73 
 40 	 74 
 41 	 75 
 42 	 76 
 43 	 77 
 44 	 78 
 45 	 80 
 46 	 84 
 47 	 85 
 48 	 85 
 49 	 86 
 50 	 87 
 51 	 89 
 52 	 92 
 53 	 93 
 54 	 93 
 55 	 94 
 56 	 102 
 57 	 103 
 58 	 104 
 59 	 105 
 60 	 106 
 61 	 107 
 62 	 108 
 63 	 109 
 64 	 110 
 65 	 111 
 66 	 115 
 67 	 116 
 68 	 117 
 69 	 118 
 70 	 120 
 71 	 128 
 72 	 130 
 73 	 136 
 74 	 137 
 75 	 138 
