// two colums : pc vs source code line number
 0 	 8 
 1 	 9 
 2 	 10 
 3 	 11 
 4 	 14 
 5 	 17 
 6 	 18 
 7 	 20 
 8 	 21 
 9 	 22 
 10 	 23 
 11 	 25 
 12 	 26 
 13 	 27 
 14 	 28 
 15 	 30 
 16 	 31 
 17 	 33 
 18 	 34 
 19 	 35 
 20 	 39 
 21 	 40 
 22 	 42 
 23 	 43 
 24 	 44 
 25 	 45 
 26 	 47 
 27 	 48 
 28 	 49 
 29 	 50 
 30 	 52 
 31 	 53 
 32 	 55 
 33 	 56 
 34 	 57 
 35 	 59 
 36 	 60 
 37 	 61 
 38 	 62 
 39 	 67 
 40 	 68 
 41 	 69 
 42 	 70 
 43 	 71 
 44 	 72 
 45 	 73 
 46 	 74 
 47 	 75 
 48 	 77 
 49 	 78 
 50 	 79 
 51 	 80 
 52 	 81 
 53 	 82 
 54 	 84 
 55 	 85 
 56 	 86 
 57 	 90 
 58 	 91 
 59 	 92 
 60 	 93 
 61 	 94 
 62 	 95 
 63 	 96 
 64 	 97 
 65 	 98 
 66 	 100 
 67 	 101 
 68 	 102 
 69 	 103 
 70 	 104 
 71 	 105 
 72 	 107 
 73 	 108 
 74 	 109 
 75 	 111 
 76 	 112 
 77 	 113 
 78 	 114 
 79 	 118 
 80 	 119 
 81 	 120 
 82 	 120 
 83 	 121 
 84 	 122 
 85 	 124 
 86 	 131 
 87 	 132 
 88 	 133 
 89 	 141 
 90 	 143 
 91 	 149 
 92 	 150 
 93 	 151 
